CALIB_HAND_EYE_TSAI
R_cam2base
0.6202690945273410250138113;0.7626040427115678976832669;0.1835792047433627560693026;
-0.763301965346080635299586;0.6407330952742589236237336;-0.08265113622375719337753708;
-0.1806553627021434960120416;-0.08886042235011354373241943;0.9795241014220714692584124;
t_cam2base
156.2113392;-185.4088756;44.03763;
******************************************************************************************************
CALIB_HAND_EYE_PARK
R_cam2base
0.006818235568921076662773917;0.9988183576847511346841202;0.04811860363376441185323529;
0.9999766661652946808658271;-0.006789989414926103639125188;-0.0007504456592479472228085502;
-0.0004228340915674207167729293;0.04812259755750727258094557;-0.9988413471696347967210272;
t_cam2base
169.0054478;-183.5064823;205.3297279;
******************************************************************************************************
CALIB_HAND_EYE_HORAUD
R_cam2base
0.007024919878006160092742682;0.9985566910045877708768103;0.05324645857404042975646874;
0.999965413099106692484952;-0.006777802619039345263796115;-0.004820165680933310992095642;
-0.004452314706068979943687225;0.05327847822176204339861272;-0.9985697675436274733939968;
t_cam2base
168.8924468;-183.3660035;205.3008164;
******************************************************************************************************
CALIB_HAND_EYE_ANDREFF
R_cam2base
0.006218249932501862531353254;0.9990984157542900367943162;0.04199629751590649995307558;
0.9999678658504000949847068;-0.006425181416654685007117109;0.004794195486136021422396425;
0.005059706945382380638420727;0.0419651364948412930466759;-0.9991062639602434902741379;
t_cam2base
169.1760416;-183.6550167;208.982588;
******************************************************************************************************
CALIB_HAND_EYE_DANIILIDIS
R_cam2base
-0.7941869516405201112618784;-0.02287641618860895842413328;-0.6072427483521753988071623;
-0.2503561617299497887856319;-0.898224235969194984008368;0.3612686177920836905208546;
-0.5537046849429623218696861;0.4389417860034756091458519;0.7076307161028935199809098;
t_cam2base
677.6762499;-698.5319158;338.3251681;
******************************************************************************************************
CALIB_HAND_EYE_TSAI
R_cam2base
0.7684346130290883314373218;0.6223241675922991378300253;0.1490666828281465572381137;
-0.6190524936663052146812447;0.7819301698012642853896637;-0.07320669122488197844145219;
-0.1621180297942350079232199;-0.03602554628479619214243002;0.9861135352638242812517433;
t_cam2base
0.1631825646;-0.1816322394;0.04686646207;
******************************************************************************************************
CALIB_HAND_EYE_PARK
R_cam2base
0.00468874261727094537866023;0.9990144678384911269830582;0.04413738485735058114656226;
0.9999884677645375363752578;-0.004730041244613366821503142;0.0008312928229224567089339359;
0.001039245207914433338780569;0.04413297813654949719452958;-0.9990251249143823342180326;
t_cam2base
0.1696498583;-0.1839465171;0.2059450539;
******************************************************************************************************
CALIB_HAND_EYE_HORAUD
R_cam2base
0.004854408617645703839793558;0.9988570905492202278708191;0.04754942035944801498326129;
0.999985041047699363403467;-0.004729055989910620726168755;-0.002748401403506007395494137;
-0.002520396358399769332070406;0.04756205093339486988934794;-0.9988651054637982529271767;
t_cam2base
0.1695618475;-0.1837906915;0.2059376114;
******************************************************************************************************
CALIB_HAND_EYE_TSAI
R_cam2base
0.7692582305591012525880501;0.6374404649722307247827757;-0.04371988487024153213766908;
-0.6277376765818796222617948;0.7412462034795616050431022;-0.2376961826086401441404661;
-0.1191099664875457375678991;0.2102943637930481945996775;0.9703551393382799927778137;
t_cam2base
0.1668888912;-0.1750872953;0.08224875538;
******************************************************************************************************
CALIB_HAND_EYE_PARK
R_cam2base
-0.03367969120053573850448458;0.9994287699169260852372076;0.00279504257165425970543815;
0.9993479103425155773976485;0.03371312625979985128088501;-0.01292978003829622912768116;
-0.0130166237820905986155573;0.002357748954320377718363311;-0.9999125004345049694265413;
t_cam2base
0.1806914366;-0.1767326053;0.2107297494;
******************************************************************************************************
CALIB_HAND_EYE_HORAUD
R_cam2base
-0.0340717833808591441524527;0.9994169169915704253881472;-0.002222522961364796142968991;
0.9993065282792071846174053;0.03403443227380742452936602;-0.01510364056640264157627129;
-0.0150191915830173803453329;-0.002735589674183091374315424;-0.9998834634262785403535645;
t_cam2base
0.1808870612;-0.1766127805;0.2107369217;
******************************************************************************************************
CALIB_HAND_EYE_ANDREFF
R_cam2base
-0.03596902387858398608688759;0.9993491208442694118119221;0.002750270715286266820509553;
0.9992905996524977796369171;0.03599737561038451882922118;-0.01106735719658179933899689;
-0.01115915621244194244621184;0.002350237637008457947107587;-0.9999349726935626847534877;
t_cam2base
0.17827189;-0.1796281245;0.1173561955;
******************************************************************************************************
CALIB_HAND_EYE_DANIILIDIS
R_cam2base
0.003376587423324507730715283;0.9999016382871668273679688;-0.01361295001137793891921035;
0.999481657496060105216884;-0.003810378920071598451979611;-0.03196712907681705656548488;
-0.03201585523301004460039465;-0.01349795403478246981487931;-0.9993962128458229177141448;
t_cam2base
0.2216335686;-0.2044680354;0.2345787333;
******************************************************************************************************
CALIB_HAND_EYE_PARK
R_cam2base
-0.006682932375050977188979395;0.9999686529177251870237342;0.004246362770687055893104045;
0.9998730256933224813664651;0.006620741315588470586595005;0.01449476717001585424071664;
0.01446619873191995128691723;0.004342691140507379254920295;-0.9998859285578056699250737;
t_cam2base
0.1832832615;-0.1729951793;0.2789281722;
******************************************************************************************************
CALIB_HAND_EYE_HORAUD
R_cam2base
-0.006713021385730971041239101;0.9999689698261726711336905;0.004122466331896309024718228;
0.999882049348155277357364;0.006655374047150625776980704;0.01384172632389510382289188;
0.01381386025728565010439741;0.004214899889132996645135787;-0.9998957005026658517721216;
t_cam2base
0.1832929902;-0.1729429652;0.2789267436;
******************************************************************************************************
CALIB_HAND_EYE_PARK
R_cam2base
-0.005962930660063970461637339;0.9999773616423924815777013;0.003117637031832411198539745;
0.9998648110697759827658615;0.005914427423082506407592263;0.01534207067701273685678132;
0.01532328431977374172401341;0.003208699265446507409293986;-0.9998774430932425572038369;
t_cam2base
0.1835956318;-0.1731570025;0.2786441786;
******************************************************************************************************
CALIB_HAND_EYE_HORAUD
R_cam2base
-0.005968766723078986792538903;0.9999772954760848264754713;0.003127675836932078227980991;
0.9998703796833041668179476;0.005921299796045400264110636;0.01497204196798982388239008;
0.01495318212860957327037248;0.003216635052474646830344973;-0.9998830209595366280694861;
t_cam2base
0.1835942428;-0.1731335309;0.2786431631;
******************************************************************************************************
